sendTime:217285.08114815 ms sendTime:217285.08114815 ms      
1 0 979369 14296231152  1  
0.53119174859855 1 131244 7594040024 h 0.53119174859855  
0.53035906760218 9 50810 7582135824 hot_feeds 0.53035906760218  
0.53035906760218 8 50810 7582135824 hot_feed 0.53035906760218  
0.53035906760218 7 50810 7582135824 hot_fee 0.53035906760218  
0.53035906760218 6 50810 7582135824 hot_fe 0.53035906760218  
0.53035906760218 5 50810 7582135824 hot_f 0.53035906760218  
0.53035906760218 4 50810 7582135824 hot_ 0.53035906760218  
0.53035906760218 3 50810 7582135824 hot 0.53035906760218  
0.53035906760218 2 50810 7582135824 ho 0.53035906760218  
0.53035906760218 10 50810 7582135824 hot_feeds_ 0.53035906760218  
0.22367388425674 1 86228 3197693552 c 0.22367388425674  
0.22287183902691 2 67753 3186227328 ca 0.22287183902691  
0.22286416819403 3 67098 3186117664 cac 0.22286416819403  
0.22286369814007 7 67058 3186110944 cache_r 0.22286369814007  
0.22286369814007 6 67058 3186110944 cache_ 0.22286369814007  
0.22286369814007 5 67058 3186110944 cache 0.22286369814007  
0.22286369814007 4 67058 3186110944 cach 0.22286369814007  
0.22285222266809 9 67056 3185946888 cache_rec 0.22285222266809  
